9320
8416
4580
3124
751
6606
6623
7707
4091
3640
7298
8570
3236
2571
9939
5214
2460
3712
3655
233
8680
8931
4021
7385
9856
5020
6954
2907
5724
2300
8329
2698
9051
9523
7029
6056
8940
7657
3922
6756
1136
4320
207
7415
4170
7534
3931
3388
930
9094
8064
3505
3982
1618
6437
7757
5275
5574
1408
5576
9724
4434
7409
7304
7250
7497
9540
9202
6450
5418
7408
9424
3578
8074
4839
2398
9460
7452
8898
5986
7628
2490
8037
7472
5713
3757
440
8135
9529
3565
2778
2494
8712
8859
4849
3580
4513
2355
1808
7459
3588
5942
4225
7328
3782
6965
2666
5085
341
8016
2143
3338
5655
8662
7299
9159
2776
3171
5328
653
2966
2874
5826
4553
7951
7408
9442
5330
2643
8916
4471
3929
1618
3235
1316
719
6450
8503
7406
2530
3824
464
8437
7138
7658
5906
9495
8834
1703
7177
5868
5522
1019
781
3006
2556
1708
3772
6680
6296
2570
1068
4599
2271
9318
2427
7167
9605
1772
4160
2156
3606
7742
7720
8697
3931
880
712
8007
8410
571
5855
4449
515
436
455
5874
6951
7645
788
106
7461
4488
5590
4687
8756
2302
728
2262
7977
1617
4107
5266
1115
4941
8773
7296
24
2865
2553
3488
6598
6073
1305
7075
931
7956
7753
4551
8924
5499
8666
7825
4339
4416
1201
1611
1804
2537
7360
833
1235
1750
9916
7745
530
6029
1820
5302
1453
8751
3738
5365
4207
8956
3090
5501
5127
6364
2002
9696
2159
1993
6808
4666
1766
9550
7968
7039
8779
8566
989
9962
9797
6884
3442
7200
6556
5858
555
1838
2262
8000
4077
1958
7574
4822
7752
2269
9764
4592
3702
909
3752
4334
2137
345
8839
5586
4373
6007
3440
7501
7649
2253
9806
1716
6776
3109
451
6391
7843
3452
7544
1445
6559
7785
2019
2828
3000
9970
5344
9561
2214
5233
9385
1825
777
2643
9083
9595
3687
6231
9794
4559
1422
4111
8760
8105
8645
8329
471
5350
8110
7853
5819
4421
9146
335
5385
5433
3870
8916
2815
9634
6680
1188
110
5799
8018
7865
