789

3563

1089

2826

3405

9930

1808

3467

9052

8698

159

1582

7650

4793

3608

9883

9565

2022

6835

6021

38

3394

3867

4958

9165

9970

5854

2410

535

2583

2018

6894

3547

2922

4441

9884

9487

6647

4926

5362

8825

1115

2607

3649

680

8317

5424

8592

1828

5000

1393

1533

3050

4037

2000

434

2419

6343

3869

9300

4982

2792

1514

2598

901

8706

7339

999

514

8788

1009

5080

6051

8854

478

4529

6581

3816

9094

3281

4380

3662

1240

744

8622

9106

4323

9369

8180

8262

9654

9796

9895

948

9028

6004

5779

2016

3484

5940

3731

2005

9842

2147

2024

8381

9398

6221

822

6480

1735

9307

6374

211

5107

7394

5172

573

9401

1375

9185

8277

1529

3181

4182

4964

4063

5926

6139

9099

5473

2165

3911

4126

7617

8660

4503

5863

2092

4

924

3936

8821

316

5596

2448

3873

6893

4008

6236

7068

132

8865

4025

2719

1416

9142

9565

2719

6250

5917

4228

7887

1644

2112

1554

3850

5346

1865

8442

8381

8317

7249

7841

3255

4867

4748

4721

7667

5197

390

3696

5814

1509

324

3420

9549

3532

7563

6559

8119

447

3988

5471

3855

1370

7157

8416

6985

5933

7569

2885

6710

8888

1213

8632

430

2918

8845

4291

8771

2876

532

2639

6788

8158

3820

5056

8351

9914

7538

5090

7903

360

9874

6025

6193

903

3248

7470

7872

4287

344

3138

9634

2267

6416

4015

6930

5447

7249

4601

2392

1806

2174

2089

412

4567

3815

6832

1062

7027

7395

434

210

1146

5652

6421

9697

4799

4544

7291

3754

6666

4146

8001

2536

3986

511

3965

6809

3395

9941

7330

6213

2904

6020

2158

5904

5660

6476

5350

9114

1887

4181

716

8085

8477

8100

2086

6382

4679

6975

2922

7887

8028

1045

369

6336

6715

9084

7745

3229

9733

6165

4422

8970

8072

754

8404

2986

7359

8580

2301

5079

4466

9700

2638

8614

2757

9717

3778

9287

3251

5305

3334

5978

3645

4978

9455

2328

5847

586

2558

1015

1916

1615

6272

7939

7303

4042

2712

9735

8415

5651

965

682

6911

5732

1131

