7908

3093

1518

3287

3239

1834

3782

2021

3566

3137

6302

3273

4832

2721

2728

4652

5035

1010

8980

4593

2484

239

2039

1723

2771

7624

6695

5600

6493

4357

9644

6933

3378

5506

5193

5773

1192

1940

1177

763

100

9812

2532

8577

9122

9507

2603

5009

1434

8490

6096

6176

1015

7717

9559

4384

1235

8176

6373

4158

8342

4200

4710

7214

3243

9587

7031

4900

4222

3697

7452

8370

91

9722

1041

5191

2881

6034

3582

3513

7933

7848

1405

6038

2352

8790

2563

6541

2567

4879

4736

2478

8641

6852

4562

7615

1275

4566

9188

683

753

5333

4735

4924

4309

8166

9843

851

4881

3502

5432

3967

232

4866

3343

3838

359

2781

8615

8043

8832

5001

8138

3363

9676

4822

3862

9033

2901

4826

6046

7330

3612

3732

4908

9702

2691

6313

9525

5678

7800

7364

6564

7902

2796

6608

6293

8214

2658

6661

1022

9798

5727

3999

1762

8483

1295

2336

8261

2014

1886

874

5781

4219

6246

750

592

5165

937

7065

9088

4923

9520

17

1845

1178

481

6921

7760

7415

2810

6067

2535

895

8861

6291

6670

7104

8657

493

4572

1438

8559

6963

4493

8693

7144

176

1889

4862

1967

794

301

2057

8144

1179

1544

4798

8864

3297

8427

1089

8540

7241

2196

4922

9795

1778

1729

6236

9197

8388

5328

7564

9878

7812

4247

2696

6033

4824

4714

4138

9866

8736

1624

7804

5029

7499

7444

9637

3962

3295

9558

7045

2444

3523

9298

4462

6112

5818

5885

8031

6745

7929

888

6026

6490

7837

8489

817

8202

5197

2417

7233

4711

2978

8298

7625

5871

5655

3437

3437

663

2167

1143

3829

5866

5642

7021

2878

136

6217

1787

4942

9123

5995

9294

5691

7784

7629

9254

4710

5194

9412

8924

9072

5662

9368

6995

603

9021

3479

4524

6103

3157

8063

9436

4716

3430

6394

8077

2005

953

7535

8373

2666

7999

5770

1333

3450

185

7065

9164

7771

1353

9857

4390

2040

944

2953

9461

9707

4514

2524

7371

6586

5424

3668

1556

5021

4672

2620

6237

1465

604

1027

2675

2806

1388

1442

