7192

9822

4742

8127

9203

6644

1487

1626

7262

4482

2092

9561

9480

4353

4142

6078

3148

5605

6192

9907

8670

3343

3916

9563

5449

742

7974

9765

4747

9223

2838

7867

6337

5648

743

3799

8584

1327

2538

9801

4799

6606

2520

7580

2050

780

3254

9786

5343

4334

105

9114

8722

507

6520

3334

8638

8138

4731

2271

8226

1494

5487

3448

6092

9714

3114

8163

8239

8160

6322

4189

3133

2729

6202

3137

7497

6980

5367

4257

1095

4162

6095

9117

2020

9339

4266

9888

4388

4979

3300

1297

4299

379

814

3533

7959

2908

6522

185

1356

8880

5214

8170

4205

9411

