7365

9743

5564

4079

9741

6816

9567

8580

1070

9316

8453

6322

8296

1614

3109

7640

4571

6390

694

9723

9835

4993

3158

4671

9010

9104

4121

8408

8635

2487

4120

4977

552

7632

4264

286

2013

412

2743

8751

4116

3756

7402

1094

6326

3222

7999

6536

4079

8805

6282

2683

2747

7207

185

4272

9778

4001

5747

1988

277

9191

1327

837

2116

3490

288

7208

4149

3894

4594

1674

9544

5793

4440

7037

8174

5016

316

1952

5373

4574

1640

9382

5560

5013

1129

8394

5745

4734

1555

957

2002

3904

7220

7776

4395

9775

7343

9257

2902

8843

504

7075

5406

5414

4460

3952

3551

2612

2722

6255

1389

7692

3202

9938

5678

7974

658

6136

8127

4254

2439

9029

6413

9079

596

8059

2886

7005

5974

2585

2933

1705

2117

6759

4295

4801

459

8091

9764

2083

7774

1453

9315

3751

8907

315

9275

4320

4669

2164

8271

9516

6457

6539

5092

8089

4009

4183

3854

1033

3946

664

6901

3218

1692

7995

2169

1712

6813

8973

1362

5045

8401

5428

7826

4314

7093

978

3595

2225

8076

4730

8135

8936

943

9872

2218

4817

1327

7062

5298

5126

659

325

1413

2940

187

1669

5288

9327

2739

8858

4265

5908

6018

2700

6122

7149

1643

3341

3371

402

8363

1510

4723

6574

460

2341

5358

7781

8962

6647

1777

5761

5611

2572

4988

219

171

8857

3230

1516

8356

2901

3179

4052

8347

6796

4674

5348

5242

622

3955

3059

2964

2239

4340

3242

7966

9723

245

3785

6968

9377

7084

4546

4268

4747

4752

5877

6048

3538

806

9026

5274

5898

7669

3867

9924

6010

3148

5757

8234

628

8842

6969

4874

917

7155

8856

3985

1361

8983

1357

2447

9571

8941

5839

288

6352

3397

3598

8617

2324

9787

3880

6602

7550

