1883

1481

2750

3349

3170

3481

8516

413

6554

7550

7024

8445

9688

9604

7892

9978

3362

2010

9029

4436

8232

1121

2363

1734

2800

7850

7862

5612

9804

7209

8117

2098

1276

1739

4095

3693

430

5609

1155

1446

4076

3162

7454

5253

9441

5543

6835

3823

8499

5532

5916

5165

9252

4202

9357

9818

780

4305

923

3824

2096

6285

7375

3289

947

1873

5214

9392

3198

8277

5178

968

1908

3037

2490

8955

6316

1320

184

2038

1475

7877

6364

1737

6143

6766

4905

8859

4182

344

1987

5992

8314

4666

8194

576

9166

8958

8525

2280

421

1818

7273

8019

8273

5015

4362

7541

4082

1260

7765

111

8209

966

9161

9349

8211

8549

1982

9455

3132

2945

5202

287

7701

9163

4456

3590

6391

4831

7379

1918

3249

5348

3772

4282

3047

9562

8280

2311

334

2678

3071

2131

562

3599

8802

919

6568

1965

5999

2115

9971

9245

1843

2560

5204

3297

1064

2961

5382

7654

1789

819

257

328

6831

5378

4570

5100

4476

4303

2912

1447

6563

3800

4284

3524

2957

9203

5837

1709

1966

3279

9382

9400

6623

4038

2707

8270

9714

7710

1340

5164

4257

682

8025

1743

6501

542

4752

5951

4424

1682

9171

4313

8288

4826

2031

5899

5735

9513

3028

6906

9535

308

1972

9298

2377

4153

3251

6587

275

3171

3614

2237

9020

930

504

1846

2094

3106

1939

5280

3412

5957

2690

5722

4810

4379

3226

9140

8597

6360

9325

544

7583

6777

7342

1990

7443

5081

4951

4858

79

3847

4499

1094

3178

6588

7593

6483

6486

9345

6757

7926

2616

3093

7699

2217

6381

792

8058

7814

2688

7285

3310

5809

4213

2939

6735

4650

4066

4241

2129

7336

98

1501

7437

7863

1957

7623

1304

1315

713

8204

9566

6634

3232

27

