5787

6135

9717

3885

7328

8272

9460

1715

9711

9902

5171

362

9574

6211

7607

753

3454

4989

1791

8086

9929

1626

9018

9165

320

1617

5407

6486

776

5420

7407

1446

7929

1263

7305

86

6073

9209

2558

8901

6540

1847

742

1466

4628

9811

3086

2099

4161

8276

7253

4184

4006

6554

4560

2432

9540

2572

2400

9773

9351

178

6683

7389

2194

1718

2751

4430

6661

9489

6862

9065

2830

3304

9254

2759

4396

5626

5342

4940

6259

9085

4222

4880

3703

512

9292

1316

3243

8205

1356

3759

5406

8544

5524

9084

6609

8888

6197

171

4459

6989

6554

2763

8902

3391

5824

8709

5721

272

1668

1946

7318

3826

4539

3744

4604

7434

8965

9726

5963

9156

280

3802

2818

9710

5654

350

2058

5839

234

347

3007

8116

4582

4177

5965

8502

2136

2879

5083

9590

5289

6533

3718

1996

1096

8691

9808

4334

