5227

8528

4206

2640

7064

3270

5438

7447

254

5458

5815

6822

1890

6939

8590

65

1042

5089

5149

2093

3958

8927

4649

5507

5466

4569

9877

219

101

7392

7164

6564

2744

8713

3332

8200

5641

2162

4039

5045

983

7907

7263

5454

9998

1083

737

3890

5362

6871

7732

9627

4156

2438

822

3604

2481

3296

9586

5360

7289

222

6264

6083

8216

7825

4639

3028

3992

3377

8815

3147

9498

9471

9510

2420

9259

5948

832

4259

8411

766

1945

1892

9238

9354

2525

2201

1194

2051

4659

7710

8652

406

4655

2324

2196

1660

4544

5616

4770

211

8730

5327

7966

6055

208

3316

6742

9812

7414

1080

755

7924

6518

1734

8985

8405

9659

7459

624

2974

4291

87

526

6461

4543

7728

9572

6672

5120

3628

4988

8964

5892

8786

7293

4627

357

2865

107

1204

8288

732

5960

5207

4247

9949

6199

1315

