614

5874

8500

7320

812

4002

2687

5004

2381

1012

5479

3780

5900

5384

7653

4775

6715

3378

8358

9262

4141

555

6711

6925

9795

4594

1054

4491

6873

7832

3073

7957

3142

1875

104

50

7121

392

2047

9952

6959

2974

3398

1649

5773

7272

9833

3545

7875

3903

2121

113

9631

557

4812

8064

5395

9897

4358

450

4204

5039

121

6933

3845

6664

1153

188

5406

2301

7486

4272

590

9554

5006

2742

5133

1954

6946

7242

6460

1827

7588

9749

5721

670

2561

6720

1502

3727

4122

229

3369

8908

3413

5690

5397

2682

3026

6152

5473

6800

1799

2299

5138

3472

5364

3543

9674

8897

6172

7014

897

6867

7805

462

7152

3521

2340

16

5890

613

8440

7693

5411

2734

3041

1811

4195

9291

5042

3561

7169

6839

6357

4413

383

7197

1079

5808

8904

4649

1764

1874

7545

1069

411

3601

8172

1255

7894

518

9828

5960

4284

7870

9105

1309

6308

3573

6834

9950

7468

7095

1060

3272

8361

992

1887

9416

6078

6444

4916

4250

6990

8331

7287

7702

7806

8367

5936

2842

1545

3361

8382

4258

4673

4542

430

8042

3542

9627

4059

6933

6105

4580

86

2704

4288

4319

4985

1492

1037

8356

5910

428

2539

6107

5556

872

6496

1405

7295

939

4595

2341

1429

2749

2826

1845

9675

3553

7805

404

262

8674

5513

258

5892

7476

7357

3571

1781

4779

7687

876

3228

5582

6644

9532

3261

9009

651

4285

6810

1098

4911

6350

1388

7214

4966

9817

5321

1296

1545

8652

7916

8785

4502

4065

4365

9410

836

1709

1325

149

4788

9447

4186

5433

7427

4658

3495

5562

6797

8625

7536

1934

4768

6627

5857

2518

7251

5892

756

3878

4231

9589

42

6104

2191

6893

9656

2483

4261

99

2658

7112

1880

8032

2191

2466

685

2866

6896

5942

7924

8919

1895

4381

6224

1615

5123

1304

7772

5642

5353

3940

4020

7861

119

7450

8483

2424

9550

6574

3929

5828

9190

5221

9985

6886

8459

1407

2264

2897

3898

1799

2691

4033

9388

400

2100

6196

4569

775

1929

2950

1595

1727

5431

5922

1405

3680

3406

8739

9147

7705

9127

8560

4870

5725

5956

4980

9453

6911

7994

6687

565

9698

2185

1379

7103

4037

7357

1857

9568

8907

7591

5881

2634

9102

3674

391

3952

8570

1834

9620

8371

8698

6769

5521

1543

9551

2909

1735

7894

2044

7621

6736

