7626

7841

8179

4662

1141

5066

4014

2111

7697

1079

6860

6441

9719

2438

5574

6134

2590

9176

2864

1632

5364

6140

4559

7924

7545

2530

3573

8437

2470

7725

6695

6613

7844

7397

5250

2885

1743

5733

911

5122

7641

9648

8818

576

5123

8237

6091

882

4307

4337

7646

5246

1961

25

4674

5854

5395

7096

4757

3023

8772

841

1994

9610

5276

8319

4111

3307

6955

6899

2545

7772

9757

3429

6641

1388

641

9845

6098

1880

1296

3005

9473

4397

8738

1677

8456

6645

9814

1021

2353

7153

8019

459

6303

4764

1491

4574

3540

8655

361

385

5118

4797

3722

7024

1403

4287

1377

6147

3217

3731

2927

6086

2901

5304

7033

2881

4321

2823

6281

3100

8260

9742

773

9838

5580

4583

9806

3785

6479

8857

8030

2882

6507

6031

2008

5163

6208

1210

6180

5744

3280

3527

8160

9717

9467

8941

7523

1789

8708

9841

1900

7734

4226

2185

4467

2439

2489

9534

7785

9117

5883

5316

9969

7004

9451

8030

2974

3569

9881

2888

2028

3766

9283

3404

9623

7070

946

6435

710

9073

7211

6982

8281

5687

9544

7

8289

4380

9398

89

2401

1983

708

6251

5513

9952

7705

809

9712

1863

6719

1940

2237

7993

3450

2658

8914

4617

3896

6730

366

4077

3077

7469

7860

5107

5005

1662

5466

1850

7219

564

9164

8220

7859

7621

6307

9034

6349

7440

1566

366

3323

535

4744

3505

5705

8171

8033

8562

3207

8596

5691

2499

70

6918

8180

949

6157

9438

4384

4854

4654

6594

1380

2324

372

8475

7976

5675

3922

3768

2460

8588

2682

250

7151

3242

8075

7825

6399

1143

5353

8573

5232

6406

4525

3464

8649

1214

926

2612

8097

6986

4128

5320

407

445

8791

588

4712

5198

7702

5549

7409

3289

4040

242

7489

1150

4754

6251

1990

9009

945

9138

5217

7856

3804

5389

3140

159

7975

4957

8276

8391

9551

3971

2503

9594

2723

6848

9144

8026

5502

3394

1135

9804

9170

1285

482

7198

7674

9216

953

6657

5453

5609

8421

9209

8564

8651

8668

6457

1132

3125

586

9054

4239

4113

9010

3028

1352

8480

4864

1239

5135

133

8467

5374

4813

9221

6586

9340

6294

3311

5976

7291

5886

3827

9036

6701

2733

8879

4919

5630

5520

4141

7249

9969

8700

899

8202

3419

1775

9199

6463

7172

3448

7465

6901

8599

2681

5601

7286

4945

3253

6770

