6215

3195

5217

9706

143

5570

9029

8062

470

6690

9634

7805

178

4623

6752

6095

8528

4517

1228

8065

9713

7041

6184

8414

5922

1971

5269

5109

1346

8749

3793

7897

4952

8020

1352

5631

2707

1116

1594

4572

2867

3903

6774

131

6445

7022

2642

6304

6987

2340

6706

7269

3410

9888

2070

1803

665

6085

3778

1024

5347

7388

5140

6892

8437

2178

4658

5654

6131

3066

3679

2610

8750

1250

8879

3304

5613

4393

3908

3276

4072

2235

8249

1883

8867

7424

3887

5729

1912

2647

1443

4678

5633

9377

6152

5962

137

6141

7031

9050

3100

4176

5657

65

5967

1143

6492

2877

4754

5796

4527

5916

6145

9999

5373

1897

2652

6726

7034

6601

9606

8793

667

7490

4089

1876

1480

3116

8243

5791

7128

6315

2569

8609

3803

5815

9201

2926

9210

2523

1031

5097

7494

2238

4163

3758

2697

5446

201

1247

2307

3274

9553

3115

8337

9987

1916

9060

5063

5064

7054

2082

2194

3212

2454

5160

7345

5306

5034

2687

9589

9610

2503

4393

2532

9368

7640

155

6585

9618

9013

1044

7844

8646

1227

7027

6762

4587

4330

2039

7649

6224

5344

6978

4812

1359

3172

5794

5700

3773

5744

8803

5141

2335

9091

1843

7124

9197

6054

3363

7474

4408

3369

3725

9780

2065

933

384

5659

3425

9554

5586

9752

9265

4666

9947

8459

2372

3117

4229

7352

9533

6656

5953

9427

7846

1472

8032

5216

2111

1735

4683

7600

2141

6015

6396

6902

1029

9817

6958

336

6660

2710

3099

3437

1602

816

9671

1368

2373

7224

9417

1356

8373

9859

1373

1549

6888

2178

8530

6113

5750

1919

2424

59

7773

7655

9489

9360

2045

7497

8225

7190

9297

5969

1254

6556

9631

6170

7553

1198

2196

7684

8709

3529

6541

6575

21

1687

6865

9076

9420

3495

4026

5126

5141

7458

4297

4337

2997

9697

4703

6444

1156

3219

5986

1354

5496

6990

4964

6046

3733

2460

8121

1083

9814

4996

2167

1172

459

2839

7885

3863

6510

2763

8682

6131

2978

8355

530

680

8046

7595

927

2117

4931

3909

7284

630

6848

3061

6807

9960

1670

4456

1785

5220

4361

2292

3593

8524

5012

3834

9581

6845

9668

3898

2318

6506

7724

213

4254

6568

5832

8693

2770

3073

7604

8633

1545

1801

2575

9613

3196

2049

8146

8916

7131

2442

2959

405

203

4093

9936

5668

4952

1135

8151

112

9096

