587

7825

4933

9405

6495

2102

5542

2449

4973

7452

2703

4120

4122

8302

7727

643

3032

9982

4026

7877

300

8445

1813

6589

7815

3499

3392

1991

9891

970

6712

6905

7174

1959

6215

3591

4696

9934

1877

6427

6778

511

2395

3270

2478

9850

2922

710

581

3446

3691

640

4417

2566

1705

4833

5940

838

8443

290

6572

7757

5463

3993

2682

2219

5974

6129

1097

2885

136

5129

9827

3689

9219

1097

4314

1651

6154

4522

1094

8231

2091

1086

1956

2874

3491

813

8155

5997

1022

6852

3476

9164

881

4829

749

7660

1816

8007

4975

2252

1897

9690

6090

9154

805

4618

9315

1220

9621

2020

7084

4368

487

9763

1623

5959

7950

1805

4672

4112

4888

4537

6133

605

1695

540

1707

5236

6237

5192

4592

6684

5729

1896

3816

6873

9977

6939

3232

5565

7715

9258

6055

8971

3851

1351

2916

6464

829

3606

1321

4357

8401

7659

6801

5255

8552

5046

2958

404

3880

7084

865

978

6496

6940

8137

879

4210

6980

7693

3366

6143

3250

7870

9426

682

6763

6088

3379

9733

8561

3883

215

6468

7075

6777

1467

8199

3344

5181

684

4089

8374

6601

8593

1318

1366

9516

8229

913

9943

7766

4404

738

7457

9009

1630

5754

7403

7453

2200

5625

8499

1353

7245

2376

6583

978

7850

6543

1105

5381

8037

354

9094

9212

2728

3544

5285

7818

8107

9518

320

5097

8773

1183

5949

530

867

8468

916

898

9480

9008

3372

3024

8793

7072

526

1473

4123

8909

5421

2373

2514

5048

4016

9885

8105

9390

4991

3864

7320

8979

8679

3723

6073

3254

2696

6131

8774

4825

2499

9626

6257

2229

6182

9376

8759

8407

9514

3427

3456

7520

2491

2458

2380

940

4744

1431

9436

3960

4137

4637

7890

7065

3632

5853

7544

5356

2592

3292

6055

348

2521

5022

8061

3319

7907

1309

10

4171

4114

822

9419

8974

8625

118

6714

7344

329

1552

5791

2355

6412

2210

9549

8047

6122

5461

302

8758

5683

8895

9102

5845

3087

5739

5739

6936

8889

597

9218

7225

6556

1882

3961

8165

128

4518

8462

2154

6385

7032

3716

8598

4229

8444

9786

2787

3511

9540

5288

9470

928

7887

6588

7901

6223

8277

281

9139

1672

405

8545

2627

2109

1897

323

3445

5864

9311

2650

7451

5362

9357

263

8712

85

3443

2241

3429

7636

9109

3623

8415

4375

