502

684

8493

2018

616

6683

7075

3748

8817

2017

1985

2279

5183

8494

8337

6341

7576

7557

6115

3931

8265

8045

237

9086

9747

6199

4223

2759

81

2072

9415

8258

8713

9479

4575

6633

4970

6640

2186

5217

9793

2277

539

9898

9869

3457

1653

9291

6117

9081

2052

9562

7988

8766

9337

1186

2774

9239

5728

8387

9277

7211

5493

8144

9442

9467

8668

1058

2242

8806

1990

4543

5317

1125

8174

9808

3294

6179

4094

6556

4340

3199

9119

4314

2763

6918

3347

8299

5567

227

6360

599

3513

2720

510

8408

8063

8906

7709

3191

6531

4397

5362

1167

8133

5705

864

5529

3792

9853

7579

8099

3857

3221

6483

9542

8106

3188

8060

2446

4182

193

603

3611

2385

1075

9750

3305

3575

7918

2161

2334

1043

4844

760

3329

7645

5556

1744

5801

9268

23

4931

5053

1987

6505

5056

7923

565

51

2495

3235

531

664

312

1763

8329

333

7241

1642

6531

8021

2315

817

9792

4668

362

3311

2261

780

5944

7289

5288

9336

5921

1340

1577

3200

2591

1732

9284

4657

4252

5494

4030

4018

1068

2172

6941

8276

578

7572

1578

3876

2763

6376

6236

3806

9050

2258

2035

1869

3442

8749

8657

7703

1413

3594

2638

2008

7271

9670

9115

8491

1304

6734

8817

44

4145

9843

6336

935

2024

3144

200

8527

8607

4692

4514

7363

1774

3689

1619

3305

7817

2793

3649

5733

4599

5413

5469

6257

1384

8285

6554

8348

2967

8828

7654

7409

3444

6717

2662

8622

8248

4901

9980

472

1016

671

643

4150

1658

2539

3791

2267

8932

4255

6768

5433

4467

4302

3098

4586

7936

758

1976

2666

3278

9115

1528

3682

3738

6628

3905

1665

356

3793

2078

2926

1984

9437

3463

1255

6512

542

4589

7500

4165

6023

7013

5944

1338

5508

8382

8659

4428

5337

129

369

7008

7054

5657

1663

2331

7106

4211

438

4327

9841

7436

8686

1118

1590

2821

845

1339

5277

6199

237

4800

2583

2196

4166

7450

5243

4056

7792

1386

4279

6178

5853

3463

4432

7717

7451

5703

1007

2848

405

5832

9500

5757

1716

6698

7510

3204

7250

7219

3317

2520

6868

2915

9621

7709

6967

1582

9894

1023

8649

4402

3882

9185

1792

1074

7159

7316

651

6424

1203

1079

3232

2643

1390

4373

6705

7757

6851

8608

570

2170

9911

2277

1216

5838

1432

1230

8941

6811

7696

