7663

1805

3104

7854

4043

7636

343

7354

8308

1222

447

9953

1377

4571

7279

1918

4548

985

4502

4700

7900

6076

3725

2536

3961

8862

1042

8533

5306

8998

8346

9039

1727

9336

9248

8509

5611

2060

9812

847

6884

3687

4663

6415

260

8970

4895

9376

1494

1756

301

6870

4129

5078

4392

9104

2425

9324

3216

2879

6629

6980

8786

697

725

9423

3969

6115

1785

2290

6793

6373

9118

6609

8234

9197

5267

4583

6623

4303

1311

4310

1322

2110

8510

6967

2742

7501

7839

810

7978

7514

9736

8574

7875

8404

7473

6967

7225

743

3684

1079

4077

2812

447

7347

328

296

7312

3997

9078

8968

3305

7274

655

8399

5164

3756

4204

5280

5901

8968

6162

6286

7929

4798

70

2099

9428

9527

5122

9557

1338

4995

1014

939

5828

7471

5282

6143

9734

6250

3626

8550

7880

6277

9535

2838

2739

3719

9483

1381

7817

3974

1677

4848

4804

8520

8086

6219

5695

9925

4252

8764

6992

751

2621

789

8157

639

6175

487

3678

288

4932

1453

5957

7676

5887

6696

8554

238

7514

5962

7228

6114

2346

3490

7273

8592

279

7356

1480

325

8187

308

1488

2613

411

6086

2163

2671

2361

3744

9096

431

4714

624

857

3874

1391

5102

798

1473

724

7559

2404

6365

4333

503

1258

2350

6170

2199

2279

8447

6511

8321

8209

8946

753

8184

9800

6628

3408

7678

8410

1093

608

8409

25

4898

7016

4151

3954

3607

9301

3623

3787

2160

6138

8016

7966

296

5154

9373

8301

8212

478

936

7090

1318

4286

2850

1978

5249

6907

5750

1995

9209

7896

3356

6415

5082

1566

2732

9730

8707

4181

7211

3101

5101

8081

4679

4086

213

2539

2168

3966

682

1133

361

1328

1812

2286

8823

2826

837

2568

3919

8240

6688

4601

9892

6456

6514

4500

7983

6188

6585

9976

4792

4828

8190

9940

7650

811

3126

9983

2689

2591

5251

7481

7033

6310

2075

1493

1864

8352

83

2407

7500

5371

1833

2143

6842

6204

7516

6325

3619

8903

5308

2916

6050

2901

7320

622

4752

4243

9477

5552

3786

378

813

717

5836

2655

6383

943

3681

7805

290

6521

6576

7069

2446

4036

8586

3290

4460

9313

5864

5433

2291

6216

127

8957

5794

6414

1750

2269

1357

7398

7201

4773

8380

337

5195

980

6382

9965

9709

5514

1321

9317

6548

4310

8528

5143

3407

