5248

821

8456

2784

6948

1698

5608

8891

1123

3419

6888

1665

8933

4805

1700

9775

9079

1601

4225

9947

6043

9730

3874

4916

3598

1943

3444

6814

9289

4715

7540

4030

7635

1123

1628

7265

2073

2842

1594

8319

4894

3297

9156

4417

263

7792

2457

7164

8914

7984

629

1354

8779

8316

4453

7751

8913

8225

4316

8564

8057

2188

8448

2110

8027

3482

1692

1049

454

8909

8726

5506

4455

5984

2445

410

6602

4983

6592

4789

6571

3981

6564

7784

9590

2535

9819

5181

2603

4830

77

6925

6365

5012

834

2321

9877

9041

8601

2725

9412

5534

7492

6139

9203

1243

9541

8405

4932

9600

9101

3335

1377

4212

9905

8956

1247

1105

1760

9517

1287

7365

4382

4924

2282

7286

4431

7589

9359

8856

1374

3408

5815

6982

9064

5362

8618

389

2598

1627

9235

2194

231

8263

4233

1117

7147

9732

8689

7884

8185

7877

8159

1418

2156

8919

3574

4677

1806

4128

1280

9591

7008

4359

3864

7859

2459

8977

4422

2574

440

6814

6645

7268

9388

5865

9493

6602

6297

5011

8465

7464

8033

1295

377

3285

3399

7515

6120

9842

4382

1281

3287

4730

4030

9619

6027

2644

6735

3705

8166

3729

5292

3621

731

8081

1884

4437

8364

2049

8334

6305

2923

255

8062

5080

9216

6313

9139

7487

8378

7551

7668

9345

6842

5000

9776

248

3638

8817

1111

7377

5943

6854

1861

1102

1767

469

3056

3550

926

8456

6560

4083

4549

5264

3460

350

4943

6212

9439

7986

117

9098

2900

1743

2109

1003

7587

4206

4576

8548

8919

534

7331

6945

1984

7624

7657

1324

1298

6812

2306

7155

6695

7407

2133

8861

4007

8429

4854

5783

1115

1733

5615

0

7155

230

5567

6270

9605

1066

8662

5691

1768

1843

9443

513

5785

5824

8758

3460

6436

2458

5527

3915

4790

3174

9645

9226

7628

8709

6242

1783

356

1136

6470

3086

4009

1097

77

8405

8931

5961

9754

5031

8305

6574

8342

6836

7325

7729

4739

1018

8767

6087

252

9352

4733

4743

1318

9164

8205

4134

2479

4834

2156

9697

1824

7039

6741

4379

6633

4538

208

8577

2546

1202

6087

5113

3314

8930

440

9226

6018

1115

8518

2573

2980

295

6189

9545

1404

1101

2556

3689

4471

8107

3177

2319

3703

1327

8588

5114

3713

1241

9921

6033

3306

3660

811

1581

8842

8534

2742

5508

8837

2763

3783

4519

