2395

3050

9198

6027

3142

3608

282

3202

1567

769

5038

8650

626

1026

6137

6630

6174

8903

8624

8669

1349

9609

4131

4728

7166

1257

4732

1211

3907

6533

666

8067

5994

1440

1465

3009

3544

9988

3579

536

8064

3094

5578

935

3844

7226

5650

8735

7617

921

9453

4592

7931

8683

1134

2218

3234

3101

5785

5024

4184

3378

8783

6889

7059

3919

6029

6285

7248

8272

1013

6297

4413

801

4719

2503

47

7638

9400

4718

3459

2629

9143

3602

1736

4513

6441

2768

7045

7902

9624

4752

4634

5961

1698

6982

8878

3211

7305

663

7992

2799

3763

3176

3196

7838

2963

3384

8706

8885

8943

434

1060

9753

9742

4386

5811

7707

9664

358

7376

7858

1048

5835

2870

3051

8509

2717

7789

6514

750

6563

5378

547

5061

8910

4522

4648

1062

906

6502

5908

6180

1155

4610

4806

4101

3606

2262

1024

2320

5012

1325

3735

3322

7069

5806

5104

7488

6383

5822

5855

6633

1981

65

959

8367

2288

1173

1354

2842

1056

8254

4506

2089

6866

7541

9652

9905

1896

9449

9562

1755

5495

5760

2027

7195

2411

6389

2342

6704

7496

2451

1249

2726

317

3072

1236

8783

784

1718

2372

8817

8529

3493

4539

1598

2832

221

628

7912

1593

9501

2092

7411

1950

1041

5381

1791

3112

2454

4315

135

866

7482

3862

7502

5612

92

2584

7898

5319

7007

2850

7310

4752

4477

3710

6651

6457

5629

8345

3281

3470

343

6911

9701

2646

6976

2249

9366

1140

2694

1224

2661

3212

6283

7411

7246

1651

8055

2895

8610

3423

3675

8725

4743

5645

1881

2829

2707

4466

7057

6223

1368

8307

4942

4417

9820

5448

7634

1317

7275

6901

6280

1726

1374

3424

1305

2314

2249

276

4290

9132

6071

8407

4815

7916

3361

886

7268

9594

1949

6880

524

2355

7233

1783

1300

1549

1071

3576

8086

8271

6735

5789

5642

5945

8118

1074

4431

748

6348

1775

4956

4772

1181

7111

8460

8945

4350

1076

1901

7924

6394

4565

505

3705

2199

7732

462

6942

9954

8704

2598

5356

3321

4724

5449

6264

8041

5174

8036

2132

8913

4275

8320

8037

5282

9089

1913

5495

7960

3652

2748

1994

3106

9862

2757

5274

8438

5054

2758

2060

536

877

7371

4085

2295

8429

4144

9458

3145

6637

4672

6072

4525

1572

9597

3381

6054

3312

2345

1020

5845

4020

5765

4718

1437

548

