2026

1083

3081

1055

4074

2312

1207

2845

8244

9675

7871

6623

4771

9892

3554

4806

8944

2927

3393

5366

6812

3983

7817

6190

6465

6697

3446

3605

9676

1117

4575

3289

2825

1661

2094

3372

2930

561

8932

9946

4044

7159

5956

1229

4513

1275

7013

8732

7836

8155

206

8564

6454

1194

7165

2697

7589

1999

1248

6877

2395

8071

7229

4377

9924

224

2535

4738

9597

38

9655

8315

2217

7220

3827

5154

7095

7851

195

2507

9513

7984

6230

6343

4685

3021

6791

8597

8512

6189

8335

872

7109

3561

90

8331

7878

9859

3359

294

7574

9009

4615

9903

8779

5562

4430

665

5743

9751

8421

1022

7141

2684

727

7669

5937

286

8451

8539

3062

4229

4771

4264

2755

4885

1077

252

1924

916

6362

5173

9732

1716

2844

3012

1148

2622

7524

6427

2410

7564

2869

2657

5596

8534

6275

3616

2515

576

1794

