7292

6398

2966

6393

7829

9986

7018

5850

3761

9424

8843

5772

1363

571

6533

5734

8824

4944

6217

6856

7124

3672

8469

3942

1459

3077

2302

7448

7759

6868

962

3053

109

7060

7687

6519

5187

4366

4132

9449

7767

7644

2580

3316

2821

5328

3176

5788

2971

4181

1382

2270

924

541

7415

255

4010

986

1758

2242

7685

3997

4126

4372

4374

5420

4075

5678

9894

3542

2644

3389

7137

8752

7868

4794

7339

5043

1677

9588

9733

3712

2049

3928

1733

562

2810

9708

2264

175

171

6019

6986

7797

3580

6734

6754

2553

3669

5157

1517

8457

3040

5965

3399

8815

4058

9236

9596

9225

5237

7656

6808

8192

7474

9483

2326

3405

8475

1997

7448

544

7016

1947

818

1719

6288

1131

8995

5456

5264

5134

3111

1175

6411

2574

7323

8856

41

8710

3459

1421

8900

6653

6483

1588

2263

5643

3468

7840

