9810

5789

4691

1337

46

8573

7053

61

1412

2791

4736

6662

4817

2050

4700

4439

6681

6705

8464

4731

1939

590

4639

8377

8608

8698

5193

1980

6121

8036

5737

1648

1732

9889

8927

5974

887

1891

4504

4117

3376

6516

4315

7945

8038

7981

1661

1467

578

3705

7463

2916

5645

1990

7264

1553

9137

926

2839

5716

5403

4536

5826

3247

6806

4952

6515

438

3198

7479

7654

8899

9734

5606

2878

6545

5930

155

9668

3985

7344

499

6556

7127

3735

8927

985

6131

5581

6837

7993

1821

2517

9184

6490

542

8095

1128

2807

6663

9703

2691

5819

4209

2573

4898

4145

6033

7489

2574

7524

4630

2274

3067

466

6681

9799

1301

7146

8419

8070

8416

4112

1665

6853

9820

1144

5018

593

4507

105

8141

3111

9348

8235

2967

7181

6463

6417

6591

6464

9732

631

6960

6962

8831

5264

7364

5515

7661


