7405

4150

1823

1446

2722

6055

9187

1649

5120

7773

4410

5727

2969

7342

917

1413

4523

4877

3833

6880

687

2154

5885

3007

3311

9783

9026

1765

5633

173

6785

8488

4666

3107

2047

7977

2590

4479

934

6953

6425

2449

3845

1117

6460

4117

8338

6758

6422

2509

2403

217

2016

4164

3261

3916

1194

3063

9339

6980

2452

3195

9649

8244

8269

6144

3344

3709

9807

7600

2670

9651

5448

3471

5866

6648

7642

5353

1216

2196

6221

5669

8519

8528

9319

7288

3011

6141

4046

8797

3527

1149

9169

9747

5796

3801

5438

9155

7636

1033

4397

7747

6014

3560

4339

8683

8710

8847

4174

3713

1413

2579

4016

7685

6128

4274

4697

3748

5181

9255

5841

3658

6865

611

4279

5402

2296

8790

2861

2044

6669

8899

8070

6568

970

4591

3617

448

8712

3280

6498

621

4455

8201

1696

1347

4718

8332

9231

9352

214

6619

7342

5340

9286

1222

3733

6627

8798

7070

9057

6737

5692

1650

3720

7226

5687

8221

6490

3184

2005

8329

9181

2891

1972

1977

5281

1013

5449

6749

7618

9947

6930

7342

6023

2207

3389

5928

4507

448

7300

4955

8867

4768

425

7222

4741

8024

4359

7892

7117

6683

2727

6365

547

3605

1360

8664

9460

4033

3688

9268

9163

7477

2287

1416

7799

2775

9995

102

3657

8121

7927

3268

750

747

5181

5990

7742

9254

7984

7475

7755

8829

3525

6066

2765

1136

1354

8137

2515

9082

6994

7385

2166

3557

4156

6341

3219

811

5441

759

8837

9265

4372

6461

7601

4972

3867

9093

669

4558

1031

1764

7264

6417

9747

4040

1948

3425

2839

5809

434

1810

3770

4686

6992

5877

8584

5273

5709

9484

3669

8908

3807

7117

9629

927

2806

738

9416

6141

8512

8440

9004

864

9384

583

5959

2330

5683

7376

8601

1633

2552

2809

3119

7024

784

97

9360

4765

7604

85

7970

4001

4728

8310

5820

2347

1442

2589

6090

9424

2893

4653

7087

6516

7587

2668

1522

1549

5919

7451

1059

3785

6207

2358

3419

7565

4130

9714

7176

1915

7818

5148

7880

5094

7283

8243

5356

6101

1123

8268

7954

9771

3374

284

19

6196

1660

2033

4225

1233

1048

9842

5117

354

1437

9824

3578

6574

8127

1114

7467

8007

5878

8730

8167

5472

1808

2623

4586

4999

4364

3015

2211

1645

6492

2449

3452

295

9614

4691

4646

3316

5196

8270

8982

5676

1368

6725

3962

3583

3831

445

1689

587

4469

2565

9330

2761

3452

5657

1245

1081

8533

5702

2711

1319

456

8382

8699

2185

4949

2007

1282

1295

3931

4721

7792

84

5428

8347

2757

2787

3396

1927

2110

9286

9137

3324

4927

9111

4925

9943

2822

8312

4375

585

4043

9743

7102

8301

3963

2145

6341

2005

1668

7306

5280

3513

6330

7543

5097

670

7389

4361

6775

8296

3038

1703

7716

8738

2473

6704

1605

8578

4284

7848

4044

9375

1329

80

6080

5673

1233

8579

5454

8525

7919

6225

3115

2467

7923

5014

9391

6770

703

180

3002

66

4429

8839

455

7320

1857

4143

3623

2481

3064

1518

435

6990

8194

3139

9304

2136

6435

714

7420

6314

3679

2086

8593

141

6792

356

8016

5226

74

6893

9502

1718

1880

3776

2494

9255

5429

1454

3691

5494

1754

6003

64

1672

1893

7159

2388

141

540

5426

6398

3384

2322

9071

734

379

5740

9622

4027

8288

7254

9773

6615

5727

404

3655

8569

4365

7324

3685

2961

1638

5393

6050

764

8683

9840

1849

497

7936

9288

2251

9902

7749

1544

9187

5634

9240

351

2884

9436

9109

7405

1887

3103

7792

7978

9476

2236

7429

6080

8973

210

187

5402

9439

516

7858

6733

1423

8520

1412

6656

7296

707

2882

2565

2343

7863

6368

275

680

1999

1412

963

8971

9940

8395

6498

9212

185

8098

5740

981

6268

7657

1051

538

5471

8996

5531

9919

6778

8734

3130

340

6853

4099

2075

3260

7377

2764

176

1827

7661

5299

8199

8090

77

3190

9195

4886

4262

7947

3228

7542

2483

9018

1435

9668

3251

3794

7641

1805

2739

1185

3218

2050

2768

3568

9984

467

7423

7493

939

5406

293

2161

8641

1861

6561

2600

9805

5656

8052

3214

709

9038

7144

2778

5073

2398

7394

7746

9632

517

4561

6298

3186

2332

697

7955

1955

2542

4306

3708

465

9765

8326

1447

581

7703

8700

193

330

6665

1913

1894

7202

9185

7123

3561

5784

9497

2507

811

4252

8833

4577

2302

9428

4488

9654

865

3579

2073

2774

2720

8517

5856

4000

2233

3688

3782

6938

6258

9950

1669

714

6980

4063

3432

4017

8150

6974

8964

5574

6939

1555

2330

6940

8652

9963

630

6633

6697

9554

527

3353

5213

7007

6111

2766

1590

7908

6311

8374

7638

4414

4487

7588

7402

5498

5052

1468

5075

5259

8493

2183

435

5715

5307

5228

786

9378

1271

3293

2583

1149

6514

609

6197

9990

8587

6564

989

7765

3934

5990

6413

5438

5178

56

4310

773

9178

7961

2807

1449

3806

3618

5692

9073

2625

6024

8070

5786

7021

2512

3290

6608

3342

9822

176

9126

4943

3005

5887

1026

2560

817

2856

5375

5542

1245

227

6972

7559

876

5620

6189

6764

1106

6930

8543

5602

1550

72

5867

2504

9634

91

6170

4101

8651

6081

6561

6401

559

6822

6363

5569

9027

334

6571

8506

7081

6816

7447

3652

2547

3838

2000

2455

4288

306

5321

6272

8067

3463

653

2151

3977

8124

2308

3484

6003

2585

6884

173

9027

2425

8480

9939

6869

1350

4783

8524

5974

9917

4364

771

8544

3573

7773

7171

2258

822

8668

3715

3279

1340

6624

6694

6758

1422

349

988

5682

205

7895

5225

5055

9615

169

2536

643

8008

9789

3825

3346

2616

4649

9234

9633

6245

828

9311

2273

2179

4413

5202

3948

5359

2280

7456

4352

4376

6747

5880

3132

6011

8261

7672

4261

5594

7751

9143

5716

4404

9446

631

5610

176

4986

1435

3490

3076

8642

4170

9644

268

9086

8959

3004

3134

7221

6896

2439

364

7169

751

6587

7555

375

6926

8050

812

4489

7622

7781

9774

9003

1953

9335

3192

8433

9764

1004

7290

9296

5045

1032

9903

3496

8992

9262

6079

1442

5387

229

5355

1217

7095

1456

7436

636

5525

2497

5212

6079

3317

6100

5870

2376

6286

9360

3539

5450

8200

8343

6733

3656

9628

5122

2327

9092

756

5122

6560

8024

8205

9239

2105

9261

4545

4327

7178

4537

7822

6674

6069

2740

348

6871

1722

5606

8649

4155

60

5030

613

5121

6366

133

6396

3072

3309

55

5306

6826

9781

2772

8784

4666

5489

2764

1269

4364

464

6552

7162

1978

6691

1894

4786

5130

500

5099

1237

1412

42

5717

4275

2499

7600

2735

4889

8204

3232

1957

528

9904

3042

5887

6776

8844

9550

9830

569

8607

2247

8196

5498

9205

6668

711

7777

8465

4189

1229

4924

2232

348

1952

9803

9955

3968

8811

4387

7176

7413

2703

2960

9342

5399

6879

3295

4301

7749

4105

2620

2780

6764

3609

931

5614

8465

1954

5985

7366

8993

6581

1237

5711

8764

8562

5053

3510

1861

8686

1689

981

3477

4549

3558

4807

2073

5264

7641

2764

990

5656

2782

5770

4705

3636

1240

2304

171

3119

6013

6183

5791

665

3824

64

1442

8454

1

5439

3346

6000

1931

5246

4234

4921

7033

9160

9824

7976

4022

4199

5121

7977

3212

5191

638

4671

7601

5878

5367

6044

9848

2873

9373

5212

6074

7571

2591

4397

7525

1515

7495

3854

6373

167

5172

3876

4260

6668

6254

6517

5426

1881

1202

111

2906

8259

8933

3429

6744

7799

5382

3387

1234

9501

5853

5545

9612

5642

1721

8297

5233

2429

3755

8600

4281

1446

8934

2521

7353

5032

1006

6029

3883

9942

7102

828

279

187

641

9680

3316

9768

3511

9261

7707

9393

6380

3293

5924

3563

3939

7439

4614

6665

2898

6850

9424

6510

2768

3987

9483

4700

826

5000

9405

4752

4778

1548

6377

5890

859

7320

9783

1674

3284

1394

8072

5721

1638

6838

9738

1763

5729

5859

3376

7705

7923

7946

2238

7997

9882

7484

7121

8662

6889

2860

9169

672

6527

8223

318

4989

6821

1205

2425

7135

5639

245

5054

4429

5866

5226

9756

3262

961

559

3483

9159

1088

1651

8654

7866

9092

6867

7210

2269

9908

456

5321

5564

5691

943

2557

3408

4029

5286

7897

8497

9203

6034

2902

6991

4540

188

659

9139

9575

9481

6579

4055

3443

9370

946

7765

2711

6909

4820

2431

5884

2633

296

7563

9952

9633

2735

4207

7132

8505

1509

5677

3332

9497

7995

3562

8529

2508

5762

181

4270

9552

6547

5099

6876

601

1403

9988

7935

83

5964

3895

9404

6491

9694

4767

5635

8816

7873

2971

4538

9032

4797

8037

3559

1071

10

7920

4822

4795

3621

5738

5478

5473

1627

4912

2470

626

7970

8473

7797

7587

661

9492

6767

1602

77

3467

8474

44

1292

691

2551

174

9202

427

8944

7875

843

6608

9285

5015

3798

3330

8086

9009

3112

8474

2727

5872

9293

4824

8213

4043

622

8328

8939

1730

3234

3950

6571

1413

5768

3925

3471

218

3928

8954

1984

4402

9366

4986

5001

2568

3032

887

4048

8918

8339

7116

1235

5121

8295

1476

2474

4110

2684

6462

8146

939

5332

3723

2747

7346

9419

6618

4395

367

6279

7588

9750

8313

8021

1433

9258

9671

9823

5342

2234

9895

7667

8767

1687

1177

9268

2383

8024

8168

8

3410

5982

5851

903

6954

5705

3323

5767

8340

3684

8693

3857

1966

5189

988

8895

1811

8665

4839

3484

534

4212

4864

8289

1949

4577

6941

149

4288

1045

7165

6226

4836

66

4896

4222

3742

6598

3989

3074

8580

2277

7554

9192

6047

3295

7663

6115

9224

5800

1422

7500

2236

658

8037

7928

9984

2802

300

3264

7286

9874

378

3364

9110

2223

8363

2396

2392

5985

8131

3469

7047

8464

1345

3012

5766

8454

2461

1943

8691

9606

3730

8021

8771

3781

94

6956

8698

3929

2679

7063

1186

1599

9401

9544

8177

3819

6299

4021

5802

7332

5172

8989

9288

5445

7189

8979

543

1447

748

1854

1689

381

4966

2226

1416

4751

8784

1271

6787

2887

7750

8545

1887

5620

1965

8297

7964

5818

3010

9148

4950

4156

3422

646

9478

5551

2184

3695

875

1276

9666

3689

9593

6180

6512

9840

6889

7219

8183

6107

9832

2521

250

4461

2090

1699

2582

4954

5783

8336

1104

701

349

6048

6386

1508

5281

9509

3395

3558

6165

1721

4983

1821

8537

8785

6075

3603

3082

5932

579

9115

4951

2972

3768

6084

4167

5505

2334

9118

6641

3590

4281

8886

4757

6141

8555

8565

8221

5500

4150

5510

8500

4012

7368

8182

9309

1271

2637

8297

7643

1146

5429

241

4611

7722

5362

5767

1258

4124

8365

9134

3954

9121

9863

7745

4246

4824

7423

5485

3709

6205

5242

6867

5412

128

4995

355

9866

6740

6036

9666

3857

4345

6932

2354

3277

4593

1295

3081

8039

5137

1092

7126

2529

7033

787

8383

5638

9011

9501

3688

1542

9834

970

5546

8259

234

7132

2095

4450

241

5604

3248

3987

3059

1790

9071

932

9980

6426

9186

1675

5541

2427

7896

771

9493

5754

7178

172

8731

4495

5416

8178

996

7541

1818

5118

5595

7803

2383

2715

9009

4848

3216

6887

7415

7539

5085

5380

7141

8234

3567

3398

6008

5971

7124

3107

3957

1324

4526

6408

5667

1368

8703

9293

9501

5015

4850

5283

7428

1830

2821

6798

2249

3191

1132

4180

6330

202

185

4385

1926

6995

2634

8271

127

7150

2095

2131

3924

9964

3716

6053

9678

5506

8665

9219

3366

2323

8155

2456

8195

7097

9005

9908

6415

3428

4132

863

3121

9565

2228

8460

7240

796

3304

752

2930

5889

2165

7816

4796

3338

2724

8692

6076

1871

7789

3445

5497

7172

4135

486

6636

731

7304

6491

1822

5523

6491

2843

8042

2365

7855

3342

9428

7331

8217

2784

8763

2479

4204

5202

8675

7779

1125

7703

1622

6855

6380

2181

8583

7810

7180

8856

4388

4296

13

4899

7865

508

2921

1326

7841

3482

7161

9098

6160

6910

9389

4052

2892

1366

6743

4913

5415

5070

294

7394

5339

8731

3964

5204

6081

4011

5318

8450

4646

7479

2369

2620

8507

6300

5307

6725

2854

2514

7329

724

3209

1236

9112

6482

3572

3767

2409

8301

5160

5336

8937

7698

7228

258

4342

576

3818

7944

9746

1822

341

5896

1220

4081

1165

7619

6569

8185

2726

633

2453

2689

6149

4812

6763

9230

2554

3183

6279

2370

2326

8774

5674

6832

8554

977

2008

5580

2948

7577

5421

1021

3885

4464

2831

5366

8534

9017

494

6255

8844

6410

2413

1004

8558

3504

1424

9109

9549

7762

1806

9585

1927

7859

5733

5792

3776

4495

5792

5719

3815

3612

7757

4317

568

8033

5358

6169

9185

9440

6803

5896

187

4828

2870

687

585

1459

1899

6287

6532

5097

8620

9480

8428

6173

1983

1207

9146

701

4458

145

2071

8541

4306

2080

2421

8558

6085

477

9881

4952

165

5574

8286

1151

8079

7510

6173

1904

8773

8662

2279

1728

4545

274

8353

965

7986

2282

8768

2422

9392

9315

1301

402

2682

253

6024

5722

1613

8780

4415

6040

1741

8641

2233

3762

7628

6762

5703

810

8501

1475

2812

1545

4813

8267

6637

6129

6841

1107

1250

2135

1273

9320

6774

2395

4466

3415

6970

5738

450

6017

1692

1597

2868

1688

639

3794

6399

4238

3421

2889

580

9578

5897

9510

3583

7470

1075

914

4983

2992

129

3326

2234

5372

6043

6177

1693

780

3401

8845

9304

4678

1431

171

8617

2342

4254

4415

6382

9293

605

1138

1875

3626

3699

5509

2592

6031

9044

3639

8956

2602

1604

2992

9709

2908

3411

7519

7616

6516

4414

7479

6680

767

8117

2352

5674

8214

9745

3994

1404

2356

6740

2920

5660

4210

6718

9622

3364

2483

6956

5828

1236

5738

8236

132

2302

1471

7504

8978

5133

2003

4906

8641

6273

5351

6284

416

9833

7470

4945

8651

4291

6388

5883

63

904

5710

3004

3797

3495

7516

1978

9759

9848

1880

9655

3723

117

3370

6999

7754

1109

9431

4175

8864

901

2641

4706

6555

4760

9546

1370

4333

3372

4949

1979

9150

1436

4367

8235

599

1862

8813

1443

4788

6109

1355

6691

8082

2412

3411

9255

7696

9049

8349

368

3766

7237

67

9204

3670

6335

6660

2375

1180

7950

4953

2948

7620

361

2655

